[
  [
    1.00,
    0.00,
    0.00,
    0.00,
    0.00
  ],
  [
    0.00,
    1.00,
    0.00,
    0.00,
    0.00
  ],
  [
    0.00,
    0.00,
    1.00,
    0.00,
    0.00
  ],
  [
    0.00,
    0.00,
    0.00,
    1.00,
    0.00
  ],
  [
    0.00,
    0.00,
    0.00,
    0.00,
    1.00
  ],
  [
    0.50,
    0.50,
    0.00,
    0.00,
    0.00
  ],
  [
    0.50,
    0.00,
    0.50,
    0.00,
    0.00
  ],
  [
    0.50,
    0.00,
    0.00,
    0.50,
    0.00
  ],
  [
    0.50,
    0.00,
    0.00,
    0.00,
    0.50
  ],
  [
    0.00,
    0.50,
    0.50,
    0.00,
    0.00
  ],
  [
    0.00,
    0.50,
    0.00,
    0.50,
    0.00
  ],
  [
    0.00,
    0.50,
    0.00,
    0.00,
    0.50
  ],
  [
    0.00,
    0.00,
    0.50,
    0.50,
    0.00
  ],
  [
    0.00,
    0.00,
    0.50,
    0.00,
    0.50
  ],
  [
    0.00,
    0.00,
    0.00,
    0.50,
    0.50
  ],
  [
    0.33,
    0.33,
    0.34,
    0.00,
    0.00
  ],
  [
    0.33,
    0.33,
    0.00,
    0.34,
    0.00
  ],
  [
    0.33,
    0.33,
    0.00,
    0.00,
    0.34
  ],
  [
    0.33,
    0.00,
    0.33,
    0.34,
    0.00
  ],
  [
    0.33,
    0.00,
    0.33,
    0.00,
    0.34
  ],
  [
    0.33,
    0.00,
    0.00,
    0.33,
    0.34
  ],
  [
    0.00,
    0.33,
    0.33,
    0.34,
    0.00
  ],
  [
    0.00,
    0.33,
    0.33,
    0.00,
    0.34
  ],
  [
    0.00,
    0.33,
    0.00,
    0.33,
    0.34
  ],
  [
    0.00,
    0.00,
    0.33,
    0.33,
    0.34
  ],
  [
    0.25,
    0.25,
    0.25,
    0.25,
    0.00
  ],
  [
    0.25,
    0.25,
    0.25,
    0.00,
    0.25
  ],
  [
    0.25,
    0.25,
    0.00,
    0.25,
    0.25
  ],
  [
    0.25,
    0.00,
    0.25,
    0.25,
    0.25
  ],
  [
    0.00,
    0.25,
    0.25,
    0.25,
    0.25
  ],
  [
    0.20,
    0.20,
    0.20,
    0.20,
    0.20
  ]
]